,,2795082407,1636534132.699141
,,1213393954,1636534297.129305
,,2946371555,1636534731.980619
,,768424719,1636534769.204416
,,1419485291,1636538715.275791
,,848545781,1636538807.396755
,,1828339839,1636541732.778459
,,2966640399,1636541831.171329
,,3590675439,1636541909.040548
,,2320965252,1636542340.058744
,,4098236844,1636543700.53057
,,3933082972,1636544423.336386
,,2036720663,1636545227.614825
,,1246679186,1636545522.787534
,,2865289809,1636545793.203856
,,2973449255,1636545955.134729
,,2514514148,1636546056.535507
,,2487237221,1636554375.476715
,,908478683,1636554554.617133
,,4022789896,1636554577.220035
,,4128651157,1636554704.352098
,,1652273345,1636555247.292371
,,2087607543,1636556040.769026
,,1907383306,1636558926.390008
,,2914357193,1636559081.123193
,,516321775,1636567734.360969
,,2736273645,1636569662.816327
,,291003528,1636569885.657947
,,971631355,1636570671.804059
,,949695875,1636571700.544254
